3,2
3,1
3,3
10,155
10,163
10,9
10,74
10,228
10,245
10,2
10,3
11,17
9,5
9,2
9,3
8,13
8,5
8,10
8,14
8,7
8,2
8,3
20,3
20,2
20,1
19,3
19,2
19,1
12,3
12,2
12,1
11,28
11,27
11,26
11,25
11,24
11,23
11,22
11,21
11,20
11,19
11,18
11,14
11,13
11,10
11,9
11,6
11,5
11,3
11,2
11,1
10,302
10,301
10,300
10,299
10,298
10,297
10,296
10,295
10,294
10,293
10,292
10,291
10,290
10,289
10,288
10,287
10,286
10,285
10,284
10,283
10,282
10,281
10,280
10,279
10,278
10,277
10,276
18,1
10,275
18,3
10,274
10,273
10,272
10,271
14,1
10,270
14,3
10,269
13,1
10,268
13,3
10,267
10,266
10,265
10,264
10,263
10,262
10,261
10,260
10,195
10,167
10,157
10,110
10,107
10,31
10,1
10,30
9,1
9,7
2,2
